10
100
2
1 10
100
2
10 1
100
4
1 10 1 10
100
4
1 10 10 1
597
57
78 77 46 55 67 40 75 86 44 22 76 91 14 22 76 59 51 48 51 43 72 21 24 41 49 22 76 81 58 12 20 33 21 73 46 18 63 31 54 87 43 75 23 79 74 40 74 51 55 91 32 53 78 98 53 71 58
570
66
66 59 20 70 98 27 34 64 50 76 55 53 99 42 53 83 90 20 87 54 38 83 54 94 12 73 36 73 46 44 29 75 92 79 64 78 62 47 17 72 86 74 81 38 23 95 97 20 70 40 79 59 29 37 59 26 73 72 76 54 28 60 21 87 75 92
82
29
62 60 83 81 79 92 57 29 81 97 99 63 74 37 25 59 56 32 51 93 81 29 60 50 30 18 36 77 48
970
24
24 78 54 29 86 11 74 72 49 55 90 27 35 40 83 79 54 51 92 57 29 70 60 10
458
7
23 28 86 93 76 10 89
838
91
47 95 34 89 51 36 40 49 29 80 95 35 73 27 85 78 56 33 54 31 54 68 15 71 23 29 76 71 46 46 61 99 18 18 80 18 22 57 98 92 14 94 70 78 22 86 35 92 67 71 12 35 98 21 54 80 98 29 20 66 78 80 87 26 26 52 24 12 82 86 68 63 59 29 47 14 16 50 72 55 13 60 75 27 94 21 89 79 42 96 19